output_indices = [0]

[[nodes]]
bias = -1.551143857671931

[[nodes.connections]]
index = 0
weight = 5.905876221182562

[[nodes.connections]]
index = 2
weight = -1.8834035510555853

[[nodes.connections]]
index = 1
weight = -5.905876221183151

[[nodes.connections]]
index = 3
weight = 3.3572961171996836

[[nodes]]
bias = 0.9787373016242545

[[nodes.connections]]
index = 2
weight = -0.5460431834791435
